s-20
b-10
492387
78.781944
560659
89.705489
575807
92.129252
573247
91.719569
588993
94.238993
584321
93.491478
530050
84.808021
584650
93.544028
625145
100.023296
594356
95.097038
b-30
609521
97.523418
582429
93.188625
605076
96.812196
589520
94.323203
554800
88.768028
620045
99.207239
671402
107.424392
577484
92.397522
564574
90.331897
581103
92.976501
b-60
836465
133.834497
814188
130.270095
838831
134.212961
866982
138.717156
865796
138.527505
840046
134.407386
732757
117.241081
920004
147.200712
902555
144.408865
753202
120.512455
b-100
825532
132.085085
801143
128.182940
858327
137.332405
901457
144.233209
881707
141.073251
988897
158.223587
889744
142.359093
833550
133.368131
876754
140.280726
947869
151.659182
b-250
909810
145.569690
1016429
162.628723
1079506
172.721050
1141502
182.640434
1038349
166.135832
987893
158.062951
975902
156.144447
1015308
162.449281
1122034
179.525560
1079682
172.749105
b-500
986416
157.826703
1099977
175.996413
1090700
174.512141
1062819
170.051040
1129605
180.736851
1211991
193.918624
1058638
169.382090
1070819
171.331137
1132442
181.190781
1117543
178.806912
b-1000
1090715
174.514429
1154462
184.713956
1158903
185.424529
1095645
175.303235
1107845
177.255201
1063069
170.091142
1044985
167.197700
1128253
180.520563
1073129
171.700769
1142074
182.731809
s-50
b-10
625130
250.052160
515516
206.206623
538273
215.309447
605621
242.248765
710461
284.184515
598514
239.405958
562636
225.054612
565330
226.132393
658245
263.298181
628798
251.519527
b-30
666879
266.751621
565907
226.362908
589283
235.713583
600356
240.142501
659849
263.939854
611482
244.593019
657786
263.114414
649276
259.710567
636109
254.443791
640890
256.356397
b-60
826233
330.493492
913879
365.551704
858982
343.592915
885495
354.198000
953855
381.542397
889432
355.772911
959863
383.945263
823873
329.549224
922346
368.938706
863970
345.588397
b-100
883244
353.297739
946592
378.637047
966286
386.514480
912310
364.924045
953256
381.302348
1019209
407.683899
894220
357.688118
803490
321.396216
841390
336.556045
851124
340.449917
b-250
1086301
434.520456
1096856
438.742699
963390
385.356355
1041169
416.467649
1128053
451.221527
981939
392.775711
1041809
416.723725
1138476
455.390797
1042161
416.864751
917189
366.875913
b-500
1034453
413.781200
1090024
436.009990
1056754
422.701569
1041115
416.446038
1164616
465.846626
1044764
417.905878
1111710
444.684261
1099752
439.901061
1124865
449.946125
1118361
447.344703
b-1000
1145693
458.277513
1168976
467.590341
1123744
449.497687
1126465
450.586111
1127535
451.014386
1191927
476.770880
1144452
457.780574
1168473
467.389200
1120812
448.324939
1165086
466.034637
s-100
b-10
814441
651.553405
586541
469.232918
730833
584.666852
582684
466.147283
669446
535.556877
584520
467.616195
590142
472.113892
632969
506.375624
613049
490.439903
551324
441.059200
b-30
710041
568.033384
684583
547.666706
653523
522.819012
581062
464.849969
694671
555.737099
679258
543.406386
566692
453.354247
673594
538.875437
657588
526.070650
661240
528.992591
b-60
774148
619.318609
856529
685.223360
965424
772.339207
900798
720.638678
1008370
806.696139
1017062
813.649850
909863
727.890755
934254
747.403701
940240
752.192376
879843
703.875089
b-100
988905
791.124626
1027591
822.073043
877330
701.864320
996770
797.416209
1000550
800.440007
963227
770.581572
936909
749.527910
867708
694.166998
968205
774.564077
977474
781.979457
b-250
1098933
879.146692
1109799
887.839944
1073140
858.512751
1093802
875.041656
1085600
868.480737
1093329
874.663833
989505
791.603457
1112145
889.716104
1112921
890.337308
1087738
870.190490
b-500
1150870
920.696765
1156618
925.294518
1130682
904.545976
1136967
909.574150
1156647
925.317795
1160551
928.440751
1069460
855.567708
1166227
932.982344
1057368
845.894650
1107673
886.138574
b-1000
1181573
945.259186
1056825
845.460341
1143978
915.182880
1167489
933.991249
1138839
911.071666
1182665
946.132257
1106629
885.303930
1064774
851.819645
1161142
928.914191
1136240
908.992390
s-250
b-10
756544
1513.088400
917742
1835.484296
935268
1870.536000
927005
1854.010261
785688
1571.377791
797348
1594.697304
783443
1566.887513
815659
1631.318122
774241
1548.483217
729202
1458.405270
b-30
774638
1549.277443
823816
1647.633357
840739
1681.478087
825888
1651.776852
804469
1608.939617
814036
1628.072348
792105
1584.210765
846301
1692.602852
700561
1401.123478
858203
1716.407461
b-60
1115857
2231.715130
1116651
2233.303165
1031136
2062.273043
1094865
2189.731409
1093221
2186.443617
977142
1954.285913
947539
1895.079930
1099580
2199.160939
1119988
2239.975983
1102206
2204.413148
b-100
1140741
2281.482783
1094625
2189.251548
1102344
2204.689809
1062728
2125.457809
1109702
2219.405565
1131758
2263.516591
1064041
2128.083548
1076714
2153.429130
1041623
2083.247583
1091049
2182.098887
b-250
1124150
2248.300417
1107236
2214.472243
1105454
2210.909183
1077112
2154.224557
1253429
2506.858574
1009165
2018.330330
1306417
2612.835165
1117823
2235.646539
991770
1983.539565
1143043
2286.087548
b-500
1073303
2146.607304
1057839
2115.679513
1000028
2000.057948
1380446
2760.891235
1404261
2808.517235
1040471
2080.942870
1328558
2657.114991
1075991
2151.982643
1033054
2066.109704
1053395
2106.791322
b-1000
1047398
2094.796835
1132766
2265.532800
1135751
2271.503809
1017531
2035.063339
1159983
2319.967583
1410486
2820.973913
1049458
2098.917843
1145023
2290.047443
1113829
2227.659235
1152024
2304.048678
s-500
b-10
544182
2176.728661
622666
2490.665496
460433
1841.735826
531476
2125.907826
573591
2294.367652
559159
2236.638574
556167
2224.669183
545014
2180.056452
564046
2256.186261
549248
2196.995061
b-30
591128
2364.515652
594218
2376.875026
606967
2427.870643
566863
2267.453635
626334
2505.338087
579461
2317.844939
674386
2697.547965
684039
2736.158957
651772
2607.088348
587867
2351.468904
b-60
747296
2989.185357
810953
3243.813565
765383
3061.533878
798039
3192.158643
878921
3515.687339
942398
3769.594052
697692
2790.767687
857898
3431.594330
726916
2907.666470
754825
3019.302296
b-100
832466
3329.866330
825483
3301.933600
976522
3906.087652
907427
3629.708557
812612
3250.451548
877879
3511.518887
896560
3586.240070
893881
3575.525009
971857
3887.431374
842570
3370.281357
b-250
1076762
4307.051826
1016504
4066.016974
1025420
4101.683374
1064003
4256.015791
983971
3935.885078
923161
3692.645078
1041774
4167.099200
1069380
4277.520696
1052570
4210.282226
922957
3691.830470
b-500
1094270
4377.083270
994170
3976.678748
1052980
4211.920696
1010030
4040.123374
1083101
4332.404278
1105733
4422.932313
1059288
4237.155826
1013734
4054.934261
1100470
4401.880209
1112678
4450.712626
b-1000
891704
3566.816139
1016897
4067.589565
1091761
4367.044243
1103410
4413.641704
1112411
4449.644313
1035879
4143.515826
1045508
4182.033217
1070911
4283.644000
1088635
4354.540487
1034241
4136.965704
s-1000
b-10
860171
6881.375304
837565
6700.525843
719933
5759.471165
695350
5562.807722
684124
5472.997287
722763
5782.109843
694347
5554.781565
676797
5414.383652
684938
5479.510678
707268
5658.147617
b-30
729032
5832.261774
745502
5964.018852
712899
5703.195757
769099
6152.797287
731055
5848.441739
674112
5392.896209
724904
5799.239096
726132
5809.061148
748260
5986.085565
745305
5962.447513
b-60
986950
7895.607583
929393
7435.146852
970683
7765.465948
942711
7541.692383
974235
7793.880557
968280
7746.243339
1005167
8041.339757
960794
7686.356522
954821
7638.574817
972370
7778.965565
b-100
981639
7853.113322
909778
7278.228383
950850
7606.806609
1028659
8229.278539
939805
7518.444035
969881
7759.050922
937447
7499.580035
948163
7585.306991
947584
7580.679583
908235
7265.886678
b-250
1043054
8344.437357
999016
7992.128974
1022348
8178.787548
1044710
8357.684174
1026805
8214.445843
1019747
8157.977739
1031126
8249.009183
968311
7746.494122
1045185
8361.481530
1034716
8277.732035
b-500
1037810
8302.486887
1060493
8483.945391
1070297
8562.379826
1081087
8648.696487
1059283
8474.264557
1063518
8508.149357
1064021
8512.169461
1052617
8420.935652
1069301
8554.408696
1056922
8455.375861
b-1000
1091499
8731.997496
1064199
8513.598330
1019676
8157.415304
1088340
8706.724870
1070781
8566.253843
1072965
8583.727513
1056230
8449.845704
1081160
8649.285496
1071493
8571.951930
1069626
8557.013843
s-1450
b-10
813469
9436.246755
839901
9742.855030
743471
8624.264407
753747
8743.473270
760701
8824.135534
722226
8377.822810
752918
8733.856769
763563
8857.341997
834207
9676.810177
745150
8643.750289
b-30
876003
10161.637725
835400
9690.649280
844713
9798.675743
749139
8690.015729
824316
9562.068323
761338
8831.522414
795962
9233.164546
870640
10099.424303
760455
8821.283548
744093
8631.485861
b-60
986440
11442.705614
832770
9660.141784
1002793
11632.408988
1080251
12530.922897
746107
8654.848160
1020010
11832.119631
966160
11207.458925
1035279
12009.240939
1066976
12376.927047
863544
10017.118974
b-100
972944
11286.151610
1010807
11725.367757
948159
10998.655193
976287
11324.938581
839120
9733.799868
1048460
12162.136605
1067615
12384.335715
985475
11431.515447
1019382
11824.836546
1084966
12585.611753
b-250
1163982
13502.194730
989755
11481.158504
970804
11261.333360
1062488
12324.863221
978161
11346.674459
1050117
12181.365774
961331
11151.442424
973330
11290.636070
1048041
12157.285889
1117198
12959.502247
b-500
1180194
13690.258873
972225
11277.817162
1047413
12149.992111
993262
11521.839603
1130594
13114.891106
967574
11223.863343
947718
10993.539896
983463
11408.171607
977760
11342.020438
973638
11294.210080
b-1000
1006716
11677.915283
962092
11160.271336
1042753
12095.939944
1187686
13777.158609
910059
10556.695798
958044
11113.312619
877853
10183.095506
998319
11580.508974
1038334
12044.680452
1035821
12015.530157
