s-20
b-10
924124
147.859890
872884
139.661525
811005
129.760925
860017
137.602769
824958
131.993419
817603
130.816529
763766
122.202602
777489
124.398303
817419
130.787193
807961
129.273771
b-30
952828
152.452481
908330
145.332909
839522
134.323634
902085
144.333746
818097
130.895620
901748
144.279773
849545
135.927356
872744
139.639117
900074
144.011848
903583
144.573370
b-60
903939
144.630261
904965
144.794475
857849
137.255866
854752
136.760431
907673
145.227730
877999
140.479861
913475
146.156057
957544
153.207151
852481
136.396967
920952
147.352388
b-100
884640
141.542503
860297
137.647496
910661
145.705818
956254
153.000765
902914
144.466212
970073
155.211687
854199
136.671868
905335
144.853622
848411
135.745809
876359
140.217535
b-250
857080
137.132870
936165
149.786435
829402
132.704348
948756
151.801043
946578
151.452490
902413
144.386080
921008
147.361391
877795
140.447304
905199
144.831854
903986
144.637909
b-500
803695
128.591224
816795
130.687043
907743
145.238916
868490
138.958446
896373
143.419713
812260
129.961695
930013
148.802087
896621
143.459425
841515
134.642497
924641
147.942687
b-1000
905982
144.957217
912878
146.060515
806530
129.044870
839956
134.393043
939295
150.287304
890878
142.540522
844652
135.144348
816686
130.668819
922634
147.621565
939313
150.290087
s-50
b-10
1036966
414.786637
814918
325.967579
884737
353.895197
857798
343.119200
817130
326.852150
823961
329.584546
825971
330.388643
822322
328.929075
811689
324.675819
847841
339.136574
b-30
874893
349.957405
860492
344.197148
908801
363.520727
925325
370.130212
889835
355.934383
861648
344.659398
916152
366.460880
864488
345.795551
822677
329.070904
836175
334.470087
b-60
841310
336.524351
898835
359.534303
970882
388.353043
918468
367.387343
900615
360.246313
938212
375.284908
962420
384.968254
893869
357.547917
770611
308.244501
968569
387.427743
b-100
858852
343.541057
973230
389.292257
840746
336.298442
932269
372.907819
858819
343.527781
818968
327.587461
988078
395.231506
899052
359.621075
895341
358.136330
879515
351.806216
b-250
908953
363.581381
838300
335.320150
953890
381.556344
764263
305.705263
870842
348.336908
922154
368.861614
938165
375.266035
839265
335.706090
913778
365.511277
851676
340.670390
b-500
927061
370.824508
913119
365.247802
943761
377.504793
845277
338.110870
837921
335.167071
915492
366.197197
908719
363.487729
862003
344.801426
885483
354.193346
808201
323.280466
b-1000
887008
354.803273
890695
356.278083
800269
320.107757
864869
345.947680
873025
349.210125
931286
372.514741
823860
329.544282
838869
335.547781
863686
345.474250
899791
359.916466
s-100
b-10
1009958
807.967096
923067
738.453760
876162
700.930003
898842
719.073690
888251
710.601259
888507
710.805913
802274
641.819910
877116
701.693482
812369
649.895861
825981
660.785391
b-30
864097
691.278052
965918
772.734678
948995
759.196306
911630
729.304487
757923
606.339068
936023
748.818783
894666
715.733419
811216
648.973593
936048
748.838400
874356
699.485016
b-60
948476
758.781496
934588
747.671089
891927
713.541426
958809
767.047513
810848
648.679033
931115
744.892703
913578
730.862706
967563
774.050922
870212
696.170296
970768
776.614831
b-100
957720
766.176369
968266
774.613565
973672
778.937718
853600
682.880000
923407
738.725816
952548
762.038449
952542
762.033530
947554
758.043826
911297
729.037878
912239
729.791457
b-250
827226
661.780870
932176
745.739430
949764
759.811896
947600
758.080000
948621
758.897391
939936
751.949565
818728
654.982546
957667
766.133913
923091
738.473043
913858
731.086957
b-500
853400
682.717600
847221
677.777391
863881
691.105572
908752
727.001739
852247
681.797746
915017
732.013322
904873
723.899130
935352
748.281739
931613
745.290435
841192
672.953725
b-1000
911860
729.488696
901695
721.356522
907208
725.762769
899417
719.533795
916739
733.391304
900486
720.389565
915008
732.006957
909591
727.671506
897704
718.163478
884565
707.652174
s-250
b-10
1075618
2151.236957
1161319
2322.639548
1055543
2111.087809
1175619
2351.239304
1143062
2286.124522
991168
1982.337826
1174021
2348.043130
1172714
2345.429739
1171762
2343.525739
1168615
2337.230261
b-30
1199923
2399.846591
1246444
2492.888348
1180429
2360.858609
1216426
2432.852870
1233813
2467.627826
1256803
2513.607130
1229983
2459.966087
1232518
2465.036870
1256702
2513.404174
1244877
2489.755304
b-60
1130080
2260.161478
1112350
2224.700870
1226928
2453.857043
1265744
2531.488696
1160932
2321.863896
1134315
2268.631304
1253399
2506.798957
1253570
2507.141217
1263248
2526.496696
1260692
2521.384696
b-100
1260183
2520.366957
1252415
2504.831304
1180657
2361.314504
1254657
2509.314783
1255853
2511.706087
1254461
2508.923478
1224108
2448.216313
1260268
2520.536835
1203790
2407.580870
1263609
2527.219130
b-250
1206200
2412.400000
1245236
2490.473913
1218416
2436.833374
1259358
2518.717391
1239386
2478.772191
1251882
2503.765217
1237976
2475.952174
1260443
2520.885426
1228989
2457.976052
1254395
2508.791304
b-500
1233108
2466.217391
1221321
2442.639983
1245130
2490.260870
1001817
2003.630974
1151282
2302.565217
1226073
2452.147826
1210982
2421.965217
1171704
2343.408696
1240647
2481.292539
1240395
2480.791304
b-1000
1123365
2246.730087
1199660
2399.321739
1214669
2429.339130
1208478
2416.956522
1210400
2420.800000
1135521
2271.043478
1179321
2358.639304
1198452
2396.904348
1211582
2423.165217
1222852
2445.704348
s-500
b-10
1004549
4018.197878
808250
3233.003757
866372
3465.489983
847682
3390.729948
845442
3381.770087
879563
3518.255339
843435
3373.743061
731388
2925.553635
847122
3388.488939
799002
3196.010191
b-30
877087
3508.350226
874080
3496.322852
902953
3611.813843
866948
3467.795061
821262
3285.051583
916267
3665.070991
874942
3499.768800
889747
3558.988035
918103
3672.415443
913011
3652.046087
b-60
910628
3642.514504
765034
3060.137913
932508
3730.032000
894443
3577.774226
939016
3756.064696
890936
3563.746122
851313
3405.251722
924075
3696.303443
925111
3700.444313
921507
3686.028313
b-100
871874
3487.498157
914330
3657.320835
858665
3434.660870
858416
3433.666087
919089
3676.355270
843030
3372.120452
842854
3371.416939
863873
3455.493287
914170
3656.682470
784666
3138.665357
b-250
832703
3330.815096
841797
3367.191304
848366
3393.466713
855061
3420.245670
882136
3528.547826
802558
3210.234783
912589
3650.359861
794197
3176.791304
870205
3480.822017
897440
3589.763652
b-500
820075
3280.301600
774656
3098.626017
880295
3521.180139
837895
3351.581774
888855
3555.422887
876087
3504.341148
897395
3589.564626
888504
3554.017009
892047
3568.191304
759770
3039.081113
b-1000
883252
3533.008696
866182
3464.730435
798921
3195.686957
882825
3531.300904
886426
3545.698957
787676
3150.706991
825521
3302.086957
812529
3250.116904
905808
3623.234783
784364
3137.458922
s-1000
b-10
977380
7819.043409
994660
7957.282783
823172
6585.379617
979345
7834.767235
934845
7478.765774
975507
7804.062539
937494
7499.957217
976831
7814.649043
965819
7726.553322
948545
7588.363339
b-30
1034736
8277.893496
836106
6688.851617
890893
7127.151443
887094
7096.754713
888977
7111.816696
893341
7146.732174
866140
6929.120974
886608
7092.869496
867174
6937.393183
883866
7070.929600
b-60
889990
7119.927861
837113
6696.908870
883730
7069.842504
880973
7047.787826
857219
6857.756870
897374
7178.999235
872467
6979.737043
887397
7099.178435
871868
6974.948174
878355
7026.847026
b-100
872495
6979.961183
872514
6980.118191
877918
7023.342122
877479
7019.833670
867981
6943.854748
877568
7020.545322
888558
7108.463722
859277
6874.219200
827109
6616.873391
822172
6577.376904
b-250
841293
6730.345461
856999
6855.996452
856154
6849.232000
856399
6851.196661
802981
6423.854191
850328
6802.631930
854699
6837.592209
845226
6761.813287
859462
6875.700939
855283
6842.267548
b-500
807254
6458.024487
795532
6364.260591
809884
6479.075270
833225
6665.802296
828398
6627.190748
847559
6780.473391
795351
6362.808000
842383
6739.071026
839684
6717.473878
833045
6664.347130
b-1000
781347
6250.782122
809643
6477.128487
761913
6095.304348
823165
6585.321739
811406
6491.230748
819400
6555.200000
823434
6587.478261
788817
6310.539130
828713
6629.635061
795339
6362.712278
s-1450
b-10
1011219
8283.907698
940495
7704.541961
1000889
8199.284552
918973
7528.232954
995489
8155.053165
971592
7959.287873
930613
7623.586979
935068
7660.079917
920778
7543.020012
1003635
8221.782277
b-30
940531
7704.836469
976524
7999.691837
976868
8002.504970
983506
8056.882967
914136
7488.606705
950695
7788.102450
980052
8028.588654
964421
7900.537721
979821
8026.697513
973779
7977.200523
b-60
975707
7992.993593
1033643
8467.610221
906456
7425.696739
914296
7489.918314
1026372
8408.043482
1052728
8623.953543
1040509
8523.857490
908074
7438.948688
1051117
8610.758368
1048251
8587.275110
b-100
1023234
8382.338527
897061
7348.723327
1036417
8490.335017
1015281
8317.192324
1031638
8451.183027
879523
7205.057018
1012166
8291.669542
990529
8114.418099
1017295
8333.687806
875381
7171.129885
b-250
902411
7392.561099
871843
7142.145621
761137
6235.241214
982659
8049.953356
879029
7201.014758
898200
7358.063305
989760
8108.124321
1002214
8210.148557
895700
7337.575184
990489
8114.094223
b-500
850929
6970.829459
955085
7824.075055
813339
6662.895029
848391
6950.034673
938799
7690.663349
947621
7762.927617
854527
7000.300073
805168
6595.959123
851824
6978.158664
954195
7816.785885
b-1000
894130
7324.734688
776494
6361.069480
892440
7310.901107
803612
6583.220207
900916
7380.336142
779411
6384.971813
886588
7262.961451
861811
7059.991188
776378
6360.124551
891143
7300.275442
