s-20
w-10
694745
111.159318
773817
123.810838
885518
141.682963
801249
128.199944
779070
124.651339
788163
126.106198
771980
123.516814
804952
128.792459
822510
131.601656
868254
138.920737
w-30
951700
152.272070
838066
134.090588
828056
132.489077
852620
136.419256
858123
137.299701
903603
144.576626
846944
135.511137
843162
134.905887
761424
121.827943
870934
139.349551
w-60
888227
142.116397
852017
136.322838
831284
133.005508
934027
149.444369
850070
136.011214
822767
131.642797
891879
142.700744
867541
138.806567
853904
136.624779
804888
128.782163
w-100
877020
140.323339
895428
143.268591
858635
137.381704
846144
135.383096
822100
131.535990
953385
152.541635
850766
136.122713
849934
135.989565
899969
143.995130
815173
130.427826
w-250
878115
140.498435
832019
133.123130
910989
145.758261
874547
139.927652
789900
126.384000
812076
129.932174
838717
134.194783
793182
126.909209
860530
137.684569
887167
141.946783
w-500
880386
140.861646
829878
132.780522
869208
139.073391
837217
133.954783
745626
119.300174
847360
135.577739
939047
150.247652
804669
128.746454
923226
147.716174
912813
146.050087
w-1000
809634
129.541565
795330
127.252870
844095
135.055304
899608
143.937391
823313
131.729341
847643
135.622957
899617
143.938783
799278
127.884480
811173
129.787826
893591
142.974609
s-50
w-10
807196
322.878480
832557
333.022922
760062
304.025009
810371
324.148626
724108
289.643339
798694
319.477843
788561
315.424626
895614
358.245670
738220
295.288383
778848
311.539513
w-30
855260
342.104243
857787
343.114957
847414
338.965774
904935
361.974052
823064
329.225948
850221
340.088661
810141
324.056661
912639
365.055861
836385
334.554365
918249
367.299861
w-60
886541
354.616487
821171
328.468591
952900
381.160278
899050
359.620174
840232
336.092664
778275
311.310261
878725
351.490017
890891
356.356591
969303
387.721252
938313
375.325416
w-100
852372
340.948814
932375
372.950261
869364
347.745739
910964
364.385739
811109
324.443826
845886
338.354435
924756
369.902588
942354
376.941913
917958
367.183304
906343
362.537391
w-250
858836
343.534783
928539
371.415652
874382
349.753043
840567
336.226957
906493
362.597037
744091
297.636522
788482
315.393043
867073
346.829565
879326
351.730330
840121
336.048317
w-500
813726
325.490435
779043
311.617391
797991
319.196522
907108
362.841777
926513
370.605217
938647
375.459130
906086
362.434783
884826
353.930435
910343
364.137391
934173
373.669565
w-1000
846965
338.786087
890243
356.095322
891704
356.681739
899295
359.718261
918382
367.350741
838243
335.297391
917008
366.801850
885539
354.215652
806060
322.424348
837686
335.074783
s-100
w-10
990720
792.576070
762657
610.125878
776925
621.540104
890015
712.012383
864151
691.320925
877211
701.769183
800709
640.567930
800353
640.283061
848098
678.479026
829324
663.459339
w-30
955414
764.331965
775094
620.075270
911722
729.377739
842962
674.370365
918296
734.637287
907650
726.120090
925781
740.625391
949043
759.234991
937780
750.224403
925756
740.605148
w-60
944657
755.726170
942330
753.864209
926859
741.487304
931214
744.971270
828661
662.929252
934176
747.340800
928467
742.773704
937900
750.320139
911665
729.332452
846646
677.317565
w-100
831538
665.230609
839666
671.733273
863600
690.880000
930173
744.139130
927327
741.862261
916561
733.249391
912522
730.018087
919869
735.895652
835058
668.046609
920971
736.777043
w-250
831315
665.051464
811921
649.537391
915330
732.264348
890515
712.411889
885006
708.005217
788817
631.053913
929721
743.777391
929639
743.711304
860128
688.101043
857678
686.141517
w-500
911547
729.238261
903134
722.507826
780239
624.191304
893595
714.875583
836582
669.263930
856221
684.977391
900313
720.250435
853926
683.140870
846178
676.942609
895678
716.542609
w-1000
895739
716.591304
872826
698.260870
866217
692.973913
889982
711.986087
886269
709.015652
895643
716.510567
898730
718.984348
901460
721.168696
852086
681.669565
854530
683.624348
s-250
w-10
1077621
2155.243478
1124027
2248.054087
1112198
2224.397565
1147692
2295.385043
1166325
2332.650783
1117086
2234.172870
1179396
2358.793739
1156008
2312.016000
1156345
2312.691478
1127636
2255.272696
w-30
1135234
2270.468348
1238578
2477.156348
1155853
2311.707652
1247096
2494.193739
1228220
2456.440696
1215898
2431.796870
1227883
2455.766904
1246319
2492.638957
1225086
2450.173565
1171704
2343.408522
w-60
962941
1925.882087
1245863
2491.726957
1236253
2472.506087
1257110
2514.220400
1248901
2497.803130
1244855
2489.710957
1239391
2478.783652
1247544
2495.088000
1248099
2496.198261
1210597
2421.194087
w-100
1241767
2483.535652
1242021
2484.043478
1237673
2475.346470
1211767
2423.535652
1245065
2490.129843
1125999
2251.998261
1258624
2517.248696
1179800
2359.600000
1244192
2488.384348
1241486
2482.973913
w-250
1216163
2432.324957
1211386
2422.773913
1214752
2429.504348
1217858
2435.717391
1030715
2061.430435
1216991
2433.982609
1215878
2431.756522
1223960
2447.921739
1220997
2441.995652
1224104
2448.208696
w-500
1194026
2388.052174
1199086
2398.167096
1198860
2397.721739
1130539
2261.078261
1196904
2393.808696
1142030
2284.060870
1142630
2285.260870
1212265
2424.530435
1212317
2424.634783
1123573
2247.147826
w-1000
1113686
2227.373913
1201504
2403.008696
1197391
2394.782609
1195791
2391.582609
1194504
2389.008696
1164504
2329.008696
1186730
2373.460870
1044808
2089.617391
1202800
2405.600000
1181469
2362.939130
s-500
w-10
851561
3406.244870
832580
3330.323478
815406
3261.627826
854102
3416.409043
825151
3300.604522
858248
3432.992348
881709
3526.838609
811552
3246.211130
716166
2864.665739
770024
3080.096730
w-30
855727
3422.911304
812030
3248.121391
864949
3459.797217
857347
3429.390261
889689
3558.756522
907379
3629.516870
911958
3647.834157
837462
3349.848000
919053
3676.212591
798655
3194.623304
w-60
837227
3348.909913
865296
3461.184000
880129
3520.516174
919831
3679.327304
896626
3586.504243
841974
3367.899130
867739
3470.957217
902955
3611.820522
825182
3300.730435
873481
3493.925809
w-100
892718
3570.873043
842798
3371.193043
729776
2919.106087
841533
3366.132174
880975
3523.902609
888361
3553.446957
831900
3327.603478
913998
3655.993043
861967
3447.871304
893772
3575.088557
w-250
869469
3477.878261
883504
3534.017391
877636
3510.547826
868904
3475.617391
858847
3435.391304
884319
3537.278261
873045
3492.182609
788595
3154.382609
823304
3293.217391
880339
3521.356522
w-500
796495
3185.982609
794804
3179.217391
841126
3364.504348
807252
3228.998957
781421
3125.686957
843782
3375.130435
757100
3028.400000
857786
3431.132209
797878
3191.513043
889482
3557.930435
w-1000
851634
3406.539130
737078
2948.313043
821069
3284.278261
869043
3476.173913
814626
3258.504348
837417
3349.669565
816965
3267.848487
866869
3467.478261
855208
3420.834783
754060
3016.243478
s-1000
w-10
996195
7969.561739
965410
7723.280000
964071
7712.575304
969629
7757.037217
964196
7713.571896
767694
6141.559652
972696
7781.573565
953954
7631.636870
934965
7479.720348
977081
7816.650435
w-30
1012328
8098.628870
961863
7694.910052
875989
7007.912348
866007
6928.063304
875515
7004.124522
881680
7053.447652
875044
7000.359652
887763
7102.106643
877608
7020.870261
876369
7010.953043
w-60
846039
6768.313043
862632
6901.056000
827884
6623.069426
857666
6861.328696
834521
6676.173913
858482
6867.860870
850270
6802.167652
811762
6494.103652
860870
6886.956661
839629
6717.032348
w-100
857503
6860.027826
805340
6442.720000
861343
6890.747826
812585
6500.681739
855500
6844.006957
788533
6308.264348
834240
6673.914504
830028
6640.229565
839830
6718.643478
854677
6837.419130
w-250
844100
6752.800000
843145
6745.151513
843891
6751.130435
845571
6764.573913
851250
6810.000000
835865
6686.917843
826313
6610.504348
849104
6792.834783
842126
6736.997983
789000
6311.985043
w-500
811365
6490.921739
824239
6593.913043
771113
6168.904348
821791
6574.330435
807373
6458.991304
823517
6588.139130
815817
6526.539130
825717
6605.739130
826117
6608.939130
789769
6318.156522
w-1000
803600
6428.800000
808695
6469.513809
763478
6107.826087
795913
6367.304348
761573
6092.591304
807078
6456.626087
806269
6450.156522
811095
6488.765217
804713
6437.704348
818600
6548.800000
s-1450
w-10
918311
7522.807083
938031
7684.356600
911140
7464.061610
914846
7494.426148
923402
7564.516473
922061
7553.527724
920324
7539.302637
800741
6559.677632
920909
7544.087477
906583
7426.733871
w-30
962251
7882.768737
962800
7887.260803
971473
7958.311087
892893
7314.588714
963457
7892.646152
964414
7900.484828
1044736
8558.480515
963314
7891.472915
967740
7927.726006
1032699
8459.877329
w-60
1008619
8262.617171
989298
8104.334909
886280
7260.416440
887060
7266.806200
1018375
8342.534049
1017460
8335.037301
1009455
8269.464259
1015382
8318.017887
1017221
8333.076777
1016043
8323.433155
w-100
1004740
8230.836007
997177
8168.881621
903013
7397.488779
910904
7462.129572
971726
7960.386031
910194
7456.321586
968707
7935.660438
993153
8135.915659
994359
8145.789869
850897
6970.557357
w-250
976391
7998.612383
819673
6714.776318
975839
7994.088974
833376
6827.031722
986484
8081.298157
895691
7337.508295
981586
8041.175165
849747
6961.149009
837515
6860.939478
894543
7328.114991
w-500
841152
6890.748243
808647
6624.472626
923373
7564.288785
807086
6611.665182
809343
6630.171409
843600
6910.782314
749095
6136.621217
859269
7039.165913
874095
7160.621217
943578
7729.822748
w-1000
889504
7286.878887
890660
7296.353113
905982
7421.866093
827782
6781.254400
790939
6479.380625
891669
7304.616348
763426
6254.038152
901973
7389.029565
889695
7288.446052
797121
6530.080557
